1 0.48560393258426965 0.27527573529411764 0.01896067415730337 0.02665441176470588
0 0.4866573033707865 0.2789522058823529 0.025280898876404494 0.017463235294117647
0 0.16292134831460675 0.21415441176470587 0.021067415730337078 0.027573529411764705
0 0.16537921348314608 0.2711397058823529 0.020365168539325844 0.027573529411764705
1 0.3339185393258427 0.41222426470588236 0.030196629213483143 0.03768382352941176
0 0.3728932584269663 0.6369485294117647 0.03089887640449438 0.029411764705882353
0 0.49929775280898875 0.5193014705882353 0.023876404494382022 0.03125
0 0.6207865168539326 0.5326286764705882 0.025280898876404494 0.03400735294117647
0 0.9483848314606741 0.3782169117647059 0.028792134831460675 0.030330882352941176
0 0.8367275280898876 0.5376838235294118 0.024578651685393256 0.044117647058823525
0 0.08251404494382023 0.9159007352941176 0.03300561797752809 0.030330882352941176
1 0.14290730337078653 0.8010110294117647 0.03441011235955056 0.043198529411764705
0 0.4985955056179775 0.8823529411764706 0.028089887640449437 0.03676470588235294
