0 0.14115168539325842 0.2233455882352941 0.019662921348314606 0.03125
0 0.4985955056179775 0.27068014705882354 0.028089887640449437 0.03216911764705882
1 0.20962078651685392 0.3717830882352941 0.04845505617977528 0.02849264705882353
0 0.4596207865168539 0.5220588235294118 0.02598314606741573 0.029411764705882353
0 0.601123595505618 0.5785845588235294 0.026685393258426966 0.03216911764705882
0 0.410814606741573 0.6309742647058824 0.026685393258426966 0.02849264705882353
1 0.03651685393258427 0.8373161764705882 0.042134831460674156 0.029411764705882353
0 0.9220505617977528 0.4099264705882353 0.026685393258426966 0.04595588235294117
0 0.8669241573033708 0.5114889705882353 0.02598314606741573 0.03400735294117647
0 0.061095505617977525 0.9489889705882353 0.025280898876404494 0.022977941176470586
