0 0.3669241573033708 0.24540441176470587 0.030196629213483143 0.02389705882352941
0 0.5481039325842696 0.18336397058823528 0.037219101123595506 0.02665441176470588
0 0.2735252808988764 0.5381433823529411 0.03441011235955056 0.02665441176470588
0 0.4712078651685393 0.7233455882352942 0.023876404494382022 0.02389705882352941
0 0.47823033707865165 0.8065257352941176 0.02247191011235955 0.019301470588235295
0 0.3419943820224719 0.8961397058823529 0.025280898876404494 0.022058823529411763
0 0.29634831460674155 0.9237132352941176 0.01544943820224719 0.016544117647058824
0 0.40554775280898875 0.8993566176470588 0.0273876404494382 0.017463235294117647
0 0.6509831460674157 0.8809742647058824 0.01544943820224719 0.015625
0 0.6183286516853932 0.8832720588235294 0.020365168539325844 0.022058823529411763
0 0.8156601123595505 0.5454963235294118 0.02598314606741573 0.03400735294117647
0 0.8535814606741573 0.5353860294117647 0.02598314606741573 0.02849264705882353
