0 0.5263342696629213 0.2155330882352941 0.023174157303370788 0.04503676470588235
0 0.136938202247191 0.6792279411764706 0.033707865168539325 0.029411764705882353
0 0.44101123595505615 0.7431066176470588 0.012640449438202247 0.022977941176470586
0 0.3110955056179775 0.8198529411764706 0.02949438202247191 0.03125
0 0.6408005617977528 0.7003676470588235 0.021769662921348312 0.04044117647058824
0 0.6997893258426966 0.4848345588235294 0.030196629213483143 0.03216911764705882
0 0.9820926966292135 0.5850183823529411 0.02598314606741573 0.024816176470588234
0 0.6200842696629213 0.8782169117647058 0.016853932584269662 0.03216911764705882
0 0.30933988764044945 0.9420955882352942 0.023174157303370788 0.029411764705882353
0 0.01720505617977528 0.3763786764705882 0.020365168539325844 0.02849264705882353
