0 0.3834269662921348 0.27619485294117646 0.02247191011235955 0.021139705882352942
0 0.3167134831460674 0.20450367647058823 0.028089887640449437 0.02849264705882353
0 0.7338483146067416 0.10110294117647059 0.03089887640449438 0.04595588235294117
0 0.7766853932584269 0.24034926470588236 0.03230337078651685 0.02849264705882353
0 0.09726123595505617 0.5992647058823529 0.037219101123595506 0.027573529411764705
0 0.10287921348314606 0.7072610294117647 0.030196629213483143 0.022977941176470586
0 0.2808988764044944 0.6943933823529411 0.0351123595505618 0.02665441176470588
0 0.8177668539325842 0.5330882352941176 0.020365168539325844 0.025735294117647058
0 0.5941011235955056 0.8157169117647058 0.02949438202247191 0.02665441176470588
1 0.9332865168539326 0.5693933823529411 0.03932584269662921 0.03216911764705882
