1 0.2945926966292135 0.1994485294117647 0.030196629213483143 0.03125
1 0.7714185393258427 0.0744485294117647 0.028792134831460675 0.01838235294117647
0 0.29248595505617975 0.19715073529411764 0.01896067415730337 0.03216911764705882
0 0.7724719101123595 0.07306985294117647 0.025280898876404494 0.021139705882352942
0 0.7745786516853932 0.09650735294117647 0.0351123595505618 0.014705882352941176
0 0.7531601123595505 0.27987132352941174 0.03160112359550562 0.03952205882352941
0 0.38412921348314605 0.28262867647058826 0.021067415730337078 0.030330882352941176
0 0.7703651685393258 0.5294117647058824 0.014044943820224719 0.02389705882352941
0 0.1464185393258427 0.6870404411764706 0.038623595505617975 0.024816176470588234
1 0.8121488764044944 0.5942095588235294 0.03441011235955056 0.035845588235294115
0 0.060744382022471906 0.6493566176470588 0.03160112359550562 0.03216911764705882
1 0.26088483146067415 0.7238051470588235 0.03581460674157303 0.03400735294117647
