0 0.04178370786516854 0.7118566176470588 0.023174157303370788 0.02665441176470588
0 0.22998595505617977 0.7564338235294118 0.02598314606741573 0.029411764705882353
0 0.7212078651685393 0.5211397058823529 0.02247191011235955 0.02022058823529412
0 0.7229634831460674 0.31433823529411764 0.01896067415730337 0.027573529411764705
0 0.26896067415730335 0.19761029411764705 0.019662921348314606 0.016544117647058824
0 0.40203651685393255 0.3000919117647059 0.01896067415730337 0.024816176470588234
0 0.8058286516853932 0.07215073529411764 0.023174157303370788 0.030330882352941176
1 0.7092696629213483 0.6594669117647058 0.04915730337078651 0.03768382352941176
1 0.9554073033707865 0.5597426470588235 0.061095505617977525 0.044117647058823525
0 0.4080056179775281 0.9002757352941176 0.026685393258426966 0.02849264705882353
0 0.9834971910112359 0.3520220588235294 0.023174157303370788 0.04779411764705882
