0 0.19873595505617977 0.7922794117647058 0.04073033707865169 0.04963235294117647
0 0.24789325842696627 0.19761029411764705 0.02949438202247191 0.022058823529411763
0 0.6938202247191011 0.3538602941176471 0.021067415730337078 0.03308823529411765
0 0.6790730337078652 0.5225183823529411 0.023876404494382022 0.03952205882352941
0 0.84375 0.04044117647058824 0.01896067415730337 0.01838235294117647
0 0.8346207865168539 0.06387867647058823 0.0273876404494382 0.02665441176470588
0 0.5024578651685393 0.8772977941176471 0.04143258426966292 0.05238970588235294
0 0.40133426966292135 0.8993566176470588 0.0273876404494382 0.035845588235294115
1 0.5930477528089887 0.7366727941176471 0.042837078651685394 0.022977941176470586
1 0.8332162921348314 0.5257352941176471 0.051264044943820225 0.034926470588235295
1 0.8978230337078651 0.6576286764705882 0.05547752808988764 0.03952205882352941
0 0.2148876404494382 0.6709558823529411 0.023876404494382022 0.025735294117647058
