0 0.04985955056179775 0.3290441176470588 0.03651685393258427 0.03308823529411765
0 0.22752808988764045 0.20634191176470587 0.028089887640449437 0.03216911764705882
0 0.43504213483146065 0.3092830882352941 0.024578651685393256 0.030330882352941176
0 0.25316011235955055 0.6576286764705882 0.0273876404494382 0.022977941176470586
0 0.6724016853932584 0.4016544117647059 0.02598314606741573 0.03125
0 0.6358848314606741 0.5206801470588235 0.023174157303370788 0.02665441176470588
1 0.7141853932584269 0.4921875 0.04073033707865169 0.03216911764705882
1 0.480688202247191 0.7624080882352942 0.028792134831460675 0.019301470588235295
0 0.17837078651685392 0.8180147058823529 0.03089887640449438 0.03860294117647059
0 0.5049157303370786 0.8846507352941176 0.026685393258426966 0.024816176470588234
