0 0.4863061797752809 0.27619485294117646 0.018960674157303372 0.02665441176470588
0 0.48735955056179775 0.27987132352941174 0.025280898876404494 0.017463235294117647
0 0.16362359550561797 0.21507352941176472 0.021067415730337078 0.027573529411764705
0 0.1660814606741573 0.27205882352941174 0.020365168539325844 0.027573529411764705
0 0.33462078651685395 0.4131433823529412 0.030196629213483147 0.03768382352941176
0 0.37359550561797755 0.6378676470588235 0.03089887640449438 0.029411764705882353
0 0.5 0.5202205882352942 0.023876404494382022 0.03125
0 0.6214887640449438 0.5335477941176471 0.025280898876404494 0.03400735294117647
0 0.9490870786516854 0.3791360294117647 0.028792134831460675 0.030330882352941176
0 0.8374297752808989 0.5386029411764706 0.02457865168539326 0.04411764705882353
0 0.08321629213483146 0.9168198529411765 0.03300561797752809 0.030330882352941176
0 0.14360955056179775 0.8019301470588235 0.03441011235955056 0.043198529411764705
0 0.49929775280898875 0.8832720588235294 0.028089887640449437 0.03676470588235294
