0 0.14185393258426968 0.22426470588235295 0.019662921348314606 0.03125
0 0.49929775280898875 0.27159926470588236 0.028089887640449437 0.03216911764705882
0 0.21032303370786518 0.3727022058823529 0.04845505617977528 0.02849264705882353
0 0.46032303370786515 0.5229779411764706 0.02598314606741573 0.029411764705882353
0 0.6018258426966292 0.5795036764705882 0.026685393258426966 0.03216911764705882
0 0.41151685393258425 0.6318933823529411 0.026685393258426966 0.02849264705882353
0 0.037219101123595506 0.8382352941176471 0.042134831460674156 0.029411764705882353
0 0.922752808988764 0.4108455882352941 0.026685393258426966 0.04595588235294118
0 0.867626404494382 0.5124080882352942 0.02598314606741573 0.03400735294117647
0 0.06179775280898876 0.9499080882352942 0.025280898876404494 0.02297794117647059
