0 0.367626404494382 0.24632352941176472 0.030196629213483147 0.02389705882352941
0 0.5488061797752809 0.18428308823529413 0.037219101123595506 0.02665441176470588
0 0.27422752808988765 0.5390625 0.03441011235955056 0.02665441176470588
0 0.47191011235955055 0.7242647058823529 0.023876404494382022 0.02389705882352941
0 0.4789325842696629 0.8074448529411765 0.02247191011235955 0.019301470588235295
0 0.34269662921348315 0.8970588235294118 0.025280898876404494 0.022058823529411766
0 0.2970505617977528 0.9246323529411765 0.01544943820224719 0.016544117647058824
0 0.40625 0.9002757352941176 0.027387640449438203 0.017463235294117647
0 0.651685393258427 0.8818933823529411 0.01544943820224719 0.015625
0 0.6190308988764045 0.8841911764705882 0.020365168539325844 0.022058823529411766
0 0.8163623595505618 0.5464154411764706 0.02598314606741573 0.03400735294117647
0 0.8542837078651685 0.5363051470588235 0.02598314606741573 0.02849264705882353
