0 0.5270365168539326 0.21645220588235295 0.023174157303370788 0.04503676470588235
0 0.13764044943820225 0.6801470588235294 0.033707865168539325 0.029411764705882353
0 0.4417134831460674 0.7440257352941176 0.012640449438202247 0.02297794117647059
0 0.31179775280898875 0.8207720588235294 0.02949438202247191 0.03125
0 0.641502808988764 0.7012867647058824 0.021769662921348316 0.04044117647058824
0 0.7004915730337079 0.48575367647058826 0.030196629213483147 0.03216911764705882
0 0.9827949438202247 0.5859375 0.02598314606741573 0.024816176470588234
0 0.6207865168539326 0.8791360294117647 0.016853932584269662 0.03216911764705882
0 0.31004213483146065 0.9430147058823529 0.023174157303370788 0.029411764705882353
0 0.017907303370786515 0.3772977941176471 0.020365168539325844 0.02849264705882353
