0 0.38412921348314605 0.2771139705882353 0.02247191011235955 0.021139705882352942
0 0.31741573033707865 0.20542279411764705 0.028089887640449437 0.02849264705882353
0 0.7345505617977528 0.10202205882352941 0.03089887640449438 0.04595588235294118
0 0.7773876404494382 0.24126838235294118 0.032303370786516857 0.02849264705882353
0 0.09796348314606741 0.6001838235294118 0.037219101123595506 0.027573529411764705
0 0.1035814606741573 0.7081801470588235 0.030196629213483147 0.02297794117647059
0 0.2816011235955056 0.6953125 0.0351123595505618 0.02665441176470588
0 0.8184691011235955 0.5340073529411765 0.020365168539325844 0.025735294117647058
0 0.5948033707865169 0.8166360294117647 0.02949438202247191 0.02665441176470588
0 0.9339887640449438 0.5703125 0.03932584269662921 0.03216911764705882
