0 0.2952949438202247 0.20036764705882354 0.030196629213483147 0.03125
0 0.7721207865168539 0.07536764705882353 0.028792134831460675 0.01838235294117647
0 0.293188202247191 0.19806985294117646 0.018960674157303372 0.03216911764705882
0 0.7731741573033708 0.0739889705882353 0.025280898876404494 0.021139705882352942
0 0.7752808988764045 0.0974264705882353 0.0351123595505618 0.014705882352941176
0 0.7538623595505618 0.28079044117647056 0.03160112359550562 0.03952205882352941
0 0.3848314606741573 0.2835477941176471 0.021067415730337078 0.030330882352941176
0 0.7710674157303371 0.5303308823529411 0.014044943820224719 0.02389705882352941
0 0.14712078651685392 0.6879595588235294 0.038623595505617975 0.024816176470588234
0 0.8128511235955056 0.5951286764705882 0.03441011235955056 0.035845588235294115
0 0.061446629213483143 0.6502757352941176 0.03160112359550562 0.03216911764705882
0 0.2615870786516854 0.7247242647058824 0.03581460674157303 0.03400735294117647
