0 0.042485955056179775 0.7127757352941176 0.023174157303370788 0.02665441176470588
0 0.230688202247191 0.7573529411764706 0.02598314606741573 0.029411764705882353
0 0.7219101123595506 0.5220588235294118 0.02247191011235955 0.02022058823529412
0 0.7236657303370787 0.31525735294117646 0.018960674157303372 0.027573529411764705
0 0.2696629213483146 0.19852941176470587 0.019662921348314606 0.016544117647058824
0 0.4027387640449438 0.3010110294117647 0.018960674157303372 0.024816176470588234
0 0.8065308988764045 0.07306985294117647 0.023174157303370788 0.030330882352941176
0 0.7099719101123596 0.6603860294117647 0.04915730337078652 0.03768382352941176
0 0.9561095505617978 0.5606617647058824 0.061095505617977525 0.04411764705882353
0 0.40870786516853935 0.9011948529411765 0.026685393258426966 0.02849264705882353
0 0.9841994382022472 0.35294117647058826 0.023174157303370788 0.04779411764705882
