0 0.199438202247191 0.7931985294117647 0.04073033707865169 0.04963235294117647
0 0.24859550561797752 0.19852941176470587 0.02949438202247191 0.022058823529411766
0 0.6945224719101124 0.3547794117647059 0.021067415730337078 0.03308823529411765
0 0.6797752808988764 0.5234375 0.023876404494382022 0.03952205882352941
0 0.8444522471910112 0.04136029411764706 0.018960674157303372 0.01838235294117647
0 0.8353230337078652 0.06479779411764706 0.027387640449438203 0.02665441176470588
0 0.5031601123595506 0.8782169117647058 0.04143258426966292 0.05238970588235294
0 0.4020365168539326 0.9002757352941176 0.027387640449438203 0.035845588235294115
0 0.59375 0.7375919117647058 0.042837078651685394 0.02297794117647059
0 0.8339185393258427 0.5266544117647058 0.051264044943820225 0.034926470588235295
0 0.8985252808988764 0.6585477941176471 0.05547752808988764 0.03952205882352941
0 0.21558988764044945 0.671875 0.023876404494382022 0.025735294117647058
