0 0.05056179775280899 0.32996323529411764 0.03651685393258427 0.03308823529411765
0 0.22823033707865167 0.20726102941176472 0.028089887640449437 0.03216911764705882
0 0.4357443820224719 0.3102022058823529 0.02457865168539326 0.030330882352941176
0 0.2538623595505618 0.6585477941176471 0.027387640449438203 0.02297794117647059
0 0.6731039325842697 0.4025735294117647 0.02598314606741573 0.03125
0 0.6365870786516854 0.5215992647058824 0.023174157303370788 0.02665441176470588
0 0.7148876404494382 0.4931066176470588 0.04073033707865169 0.03216911764705882
0 0.48139044943820225 0.7633272058823529 0.028792134831460675 0.019301470588235295
0 0.17907303370786518 0.8189338235294118 0.03089887640449438 0.03860294117647059
0 0.5056179775280899 0.8855698529411765 0.026685393258426966 0.024816176470588234
